lat;
37.419201;-122.057404
37.419201;-122.057404
37.419201;-122.057404
37.419201;-122.057404
37.419201;-122.057404
37.419201;-122.057404
37.419201;-122.057404
37.419201;-122.057404
37.419201;-122.057404
37.419201;-122.057404
37.419201;-122.057404
37.419201;-122.057404
37.419201;-122.057404
37.419201;-122.057404
37.419201;-122.057404
37.419201;-122.057404
52.500000;5.750000
52.500000;5.750000
52.500000;5.750000
52.500000;5.750000
37.419201;-122.057404
37.419201;-122.057404
37.419201;-122.057404
37.419201;-122.057404
37.419201;-122.057404
37.419201;-122.057404
37.419201;-122.057404
37.419201;-122.057404
38.000000;-97.000000
37.419201;-122.057404
37.419201;-122.057404
38.000000;-97.000000
38.000000;-97.000000
47.634399;-122.342201
38.000000;-97.000000
38.000000;-97.000000
38.000000;-97.000000
38.000000;-97.000000
47.634399;-122.342201
37.419201;-122.057404
37.419201;-122.057404
37.419201;-122.057404
37.419201;-122.057404
42.053398;-88.054001
37.419201;-122.057404
37.419201;-122.057404
42.053398;-88.054001
37.419201;-122.057404
37.419201;-122.057404
42.362598;-71.084297
42.362598;-71.084297
47.602600;-122.328400
47.602600;-122.328400
37.419201;-122.057404
42.362598;-71.084297
42.362598;-71.084297
42.362598;-71.084297
47.602600;-122.328400
47.602600;-122.328400
37.419201;-122.057404
47.634399;-122.342201
47.602600;-122.328400
37.419201;-122.057404
47.602600;-122.328400
47.634399;-122.342201
47.602600;-122.328400
37.419201;-122.057404
47.602600;-122.328400
53.000000;-8.000000
37.419201;-122.057404
37.419201;-122.057404
37.419201;-122.057404
47.602600;-122.328400
37.419201;-122.057404
37.419201;-122.057404
53.000000;-8.000000
37.419201;-122.057404
37.419201;-122.057404
37.419201;-122.057404
47.602600;-122.328400
47.634399;-122.342201
47.634399;-122.342201
47.634399;-122.342201
47.634399;-122.342201
47.634399;-122.342201
47.634399;-122.342201
47.634399;-122.342201
47.634399;-122.342201
47.634399;-122.342201
47.634399;-122.342201
47.634399;-122.342201
37.419201;-122.057404
39.928902;116.388298
37.419201;-122.057404
39.928902;116.388298
37.419201;-122.057404
42.362598;-71.084297
42.362598;-71.084297
39.928902;116.388298
42.362598;-71.084297
42.362598;-71.084297
42.362598;-71.084297
39.928902;116.388298
42.362598;-71.084297
42.362598;-71.084297
42.362598;-71.084297
42.362598;-71.084297
42.362598;-71.084297
42.362598;-71.084297
38.000000;-97.000000
38.000000;-97.000000
38.000000;-97.000000
38.000000;-97.000000
39.043701;-77.487503
39.043701;-77.487503
39.043701;-77.487503
39.043701;-77.487503
39.043701;-77.487503
37.789799;-122.394203
37.789799;-122.394203
39.043701;-77.487503
39.043701;-77.487503
39.043701;-77.487503
39.043701;-77.487503
39.043701;-77.487503
39.043701;-77.487503
37.789799;-122.394203
37.789799;-122.394203
39.043701;-77.487503
37.789799;-122.394203
37.789799;-122.394203
37.789799;-122.394203
37.789799;-122.394203
39.142200;117.176697
37.789799;-122.394203
37.789799;-122.394203
37.789799;-122.394203
37.789799;-122.394203
37.789799;-122.394203
37.789799;-122.394203
37.789799;-122.394203
37.789799;-122.394203
39.142200;117.176697
37.789799;-122.394203
37.789799;-122.394203
37.789799;-122.394203
37.789799;-122.394203
39.928902;116.388298
39.928902;116.388298
39.928902;116.388298
39.928902;116.388298
39.928902;116.388298
37.769699;-122.393303
39.928902;116.388298
39.928902;116.388298
37.769699;-122.393303
39.928902;116.388298
38.000000;-97.000000
38.000000;-97.000000
38.000000;-97.000000
38.000000;-97.000000
38.000000;-97.000000
38.000000;-97.000000
38.000000;-97.000000
38.000000;-97.000000
38.000000;-97.000000
38.000000;-97.000000
38.000000;-97.000000
38.000000;-97.000000
47.680099;-122.120598
47.680099;-122.120598
37.769699;-122.393303
37.769699;-122.393303
37.769699;-122.393303
37.769699;-122.393303
37.769699;-122.393303
37.769699;-122.393303
37.769699;-122.393303
37.769699;-122.393303
37.769699;-122.393303
37.769699;-122.393303
37.769699;-122.393303
37.769699;-122.393303
34.011902;-118.468201
34.011902;-118.468201
34.011902;-118.468201
34.011902;-118.468201
34.011902;-118.468201
34.011902;-118.468201
34.011902;-118.468201
34.011902;-118.468201
34.011902;-118.468201
34.011902;-118.468201
42.362598;-71.084297
42.362598;-71.084297
42.362598;-71.084297
42.362598;-71.084297
37.419201;-122.057404
42.362598;-71.084297
42.362598;-71.084297
42.362598;-71.084297
42.362598;-71.084297
42.362598;-71.084297
42.362598;-71.084297
42.362598;-71.084297
42.362598;-71.084297
42.362598;-71.084297
42.362598;-71.084297
42.362598;-71.084297
42.362598;-71.084297
42.362598;-71.084297
42.362598;-71.084297
42.362598;-71.084297
42.362598;-71.084297
42.362598;-71.084297
42.362598;-71.084297
42.362598;-71.084297
42.362598;-71.084297
42.362598;-71.084297
42.362598;-71.084297
42.362598;-71.084297
42.362598;-71.084297
42.362598;-71.084297
42.362598;-71.084297
42.362598;-71.084297
42.362598;-71.084297
42.362598;-71.084297
42.362598;-71.084297
42.362598;-71.084297
42.362598;-71.084297
39.043701;-77.487503
39.043701;-77.487503
39.043701;-77.487503
39.043701;-77.487503
34.011902;-118.468201
37.622799;-122.436401
32.929901;-96.835297
34.011902;-118.468201
37.622799;-122.436401
32.929901;-96.835297
30.293600;120.161400
30.293600;120.161400
30.293600;120.161400
30.293600;120.161400
47.680099;-122.120598
47.680099;-122.120598
51.500000;-0.130000
47.680099;-122.120598
51.500000;-0.130000
38.000000;-97.000000
51.500000;-0.130000
38.000000;-97.000000
51.500000;-0.130000
51.500000;-0.130000
50.116699;8.683300
51.500000;-0.130000
51.500000;-0.130000
51.500000;-0.130000
38.000000;-97.000000
38.000000;-97.000000
42.362598;-71.084297
42.362598;-71.084297
42.362598;-71.084297
51.500000;-0.130000
51.500000;-0.130000
51.500000;-0.130000
50.116699;8.683300
51.500000;-0.130000
51.500000;-0.130000
51.500000;-0.130000
42.362598;-71.084297
42.362598;-71.084297
42.362598;-71.084297
51.500000;-0.130000
38.984100;-77.382698
38.984100;-77.382698
38.984100;-77.382698
38.984100;-77.382698
38.984100;-77.382698
51.500000;-0.130000
38.984100;-77.382698
38.984100;-77.382698
38.984100;-77.382698
38.984100;-77.382698
38.984100;-77.382698
50.116699;8.683300
50.116699;8.683300
50.116699;8.683300
50.116699;8.683300
50.116699;8.683300
50.116699;8.683300
37.769699;-122.393303
51.500000;-0.130000
51.500000;-0.130000
51.500000;-0.130000
51.500000;-0.130000
51.500000;-0.130000
51.500000;-0.130000
51.500000;-0.130000
51.500000;-0.130000
51.500000;-0.130000
51.500000;-0.130000
51.500000;-0.130000
50.116699;8.683300
50.116699;8.683300
50.116699;8.683300
50.116699;8.683300
50.116699;8.683300
50.116699;8.683300
37.769699;-122.393303
51.500000;-0.130000
51.500000;-0.130000
51.500000;-0.130000
51.500000;-0.130000
51.500000;-0.130000
51.500000;-0.130000
51.500000;-0.130000
51.500000;-0.130000
51.500000;-0.130000
51.500000;-0.130000
30.293600;120.161400
51.500000;-0.130000
51.500000;-0.130000
51.500000;-0.130000
51.500000;-0.130000
51.500000;-0.130000
30.293600;120.161400
30.293600;120.161400
30.293600;120.161400
51.500000;-0.130000
30.293600;120.161400
51.500000;-0.130000
30.293600;120.161400
22.250000;114.166702
22.250000;114.166702
22.250000;114.166702
22.250000;114.166702
22.250000;114.166702
22.250000;114.166702
22.250000;114.166702
31.045601;121.399696
22.533300;114.133301
37.515499;-121.896202
31.045601;121.399696
22.533300;114.133301
37.515499;-121.896202
22.533300;114.133301
23.116699;113.250000
23.116699;113.250000
23.116699;113.250000
22.533300;114.133301
23.116699;113.250000
23.116699;113.250000
23.116699;113.250000
37.515499;-121.896202
37.515499;-121.896202
37.515499;-121.896202
37.515499;-121.896202
39.142200;117.176697
39.142200;117.176697
39.142200;117.176697
39.142200;117.176697
22.533300;114.133301
22.533300;114.133301
22.533300;114.133301
22.533300;114.133301

